$ 1 5.0E-6 153.04748616641584 45 5.0 50
w 208 288 208 336 0
a 208 272 352 272 1 15.0 -15.0 1000000.0
w 352 272 352 336 0
r 208 336 352 336 0 5000.0
r 112 336 208 336 0 10000.0
w 208 192 208 256 0
v 112 336 112 192 0 0 40.0 5.0 0.0 0.0 0.5
v 912 336 912 192 0 0 40.0 5.0 0.0 0.0 0.5
w 816 192 816 256 0
r 816 336 912 336 0 10000.0
r 672 336 816 336 0 5000.0
w 672 272 672 336 0
w 816 288 816 336 0
a 816 272 672 272 1 15.0 -15.0 1000000.0
s 816 192 912 192 0 1 false
s 112 192 208 192 0 0 false
r 432 272 592 272 0 100.0
w 592 272 672 272 0
w 432 272 352 272 0
